10247
10258
10288
10312
10884
10928
11089
11090
11091
11100
11127
11156
11203
11211
11215
11253
11291
11458
11476
11477
13547
13564
13608
14181
14417
14418
14419
14520
14682
14704
14716
14769
15068
15070
15208
15279
15301
15303
15367
15392
15403
15456
15470
15535
15540
15571
15573
15706
15712
18649
18654
18671
18674
2335
2339
2343
2357
2362
2376
2412
2419
2420
2421
2423
2431
2432
2436
2437
2444
2445
2446
2447
2449
2450
2453
2454
2456
2458
2460
2465
2479
2486
2489
2495
2496
2508
2516
2525
2527
2536
2540
2555
2569
2585
26047
2637
2639
2653
2654
2655
2730
2736
2744
2780
2793
2817
2825
2853
2854
2856
2877
28802
2921
2926
30000
3001
3002
3003
30031
30033
3004
30043
3005
3006
3007
3008
3009
30094
3010
30136
30145
30151
30152
30157
30162
30165
30170
30176
3020
30208
3021
3022
3023
30236
30237
3024
30241
30248
30258
30274
30283
3029
30293
30294
3030
3031
3032
3034
3035
30350
30355
30356
30357
30359
3036
30363
30364
30365
3037
30372
30374
30377
3038
30383
30386
30387
30388
30389
3039
30390
30394
30395
3040
3041
30413
30414
3043
3044
3045
3048
30503
30504
30505
30526
30540
30541
30552
30553
30554
30565
30592
30602
3062
3065
3066
30663
3068
3069
3070
3176
3185
3188
32000
32002
32009
32013
32014
32015
32016
32018
32028
32034
32039
32054
32056
32059
32062
32063
32064
32065
32072
32073
32074
32124
32125
32138
32140
32174
32175
32184
32187
32209
32249
32250
32270
32271
32278
32291
3230
32316
32348
32449
3245
32474
32494
32523
32524
32526
32529
32530
32532
32556
3297
3298
3299
33291
33299
3403
3455
3460
3622
3623
3633
3639
3640
3647
3659
3660
3665
3666
3673
3678
3680
3684
3688
3700
3701
3702
3703
3705
3706
3707
3708
3709
3710
3713
3730
3737
3738
3743
3747
3749
3754
3788
3794
3795
3821
3822
3823
3829
3830
3831
3832
3835
3838
3839
3841
3873
3894
3895
3899
3937
3938
3940
3941
3942
3957
3958
3959
3960
3961
3962
40244
4032
4033
40340
40344
40378
40379
40490
4070
4073
4079
4080
4081
4083
4085
4095
41530
41531
41532
4162
41677
41678
41747
41748
4175
4176
41766
41767
41768
41769
41770
4185
41854
41862
41883
42003
42022
42023
42060
42061
4207
4211
4213
42446
42608
4261
42610
4265
4274
4282
4286
4287
4289
43056
43093
4315
4345
4346
4349
43710
43711
43719
43722
43723
43857
43888
43898
43899
44126
4424
44294
44300
44301
44302
44358
44375
4445
4447
4449
44567
44568
44569
44570
44572
4460
44674
44675
44676
44728
4477
4479
4488
4495
4510
4515
4519
4532
4533
45590
45677
45705
45749
4588
4589
4590
4592
4595
4596
4599
4600
4617
4623
4624
4697
4716
4730
4733
4735
47397
47398
4740
47407
4742
47456
47457
47508
47720
47753
47755
47759
47844
47846
4790
47905
48092
48169
48170
48183
48336
4855
4856
4859
4861
4865
4868
4869
4871
48723
48729
4873
48933
48989
49668
50304
50305
50745
50923
50943
50944
50947
50949
50950
50955
50956
50967
51739
51858
52
52031
52036
52037
52038
52107
52501
53451
53586
53705
53989
54200
54383
54384
55013
553
55817
55981
55982
57029
57515
57518
57539
57563
57585
57783
57894
57895
57906
57909
58176
58177
58181
58846
59230
59349
6005
6014
60176
6019
6020
60212
6041
60470
60471
60474
60477
60478
60479
60481
60483
60484
60485
60581
60583
60592
60594
60596
6060
6061
60616
6063
6070
60752
6079
60800
6081
60849
6087
60894
60896
60899
6091
6106
61068
61069
61072
6111
6112
6117
6118
61184
61190
6120
61252
6126
6134
6140
61403
61408
61409
6148
61482
6157
61678
61780
6179
6180
61800
6182
6187
6190
6191
6215
6222
6231
6232
62361
62386
6239
62462
6249
6259
62743
63082
63864
63868
63965
64276
64448
64567
64644
64712
64727
64728
64799
64867
6536
6538
6541
6542
6553
6558
6564
6565
6587
6589
6628
6629
6632
6636
72454
73590
74698
74967
75
75937
76766
78
84954
85080
85861
85940
85959
85970
85984
86500
87079
87081
87082
87083
87087
87544
87552
87580
87611
87615
87618
87745
87747
87751
88293
88646
88704
88930
91988
92013
92262
92280
92582
92583
92589
92593
92692
92842
92906
92926
92946
92947
92950
93058
93273
93274
93571
93589
93590
93594
93606
93609
94925
95228
95354
98137
98138
98139
98141
98283
98284
98286
98288
98313
98341
98347
98549
99207
99780
99781
x110
x136
x240
x346
x577
