003238
003432
003437
003439
003440
003497
003673
003829
004113
004158
004159
004219
004239
004315
004318
004324
004363
004402
004452
004488
004490
004511
004585
004587
004589
004595
004608
004630
004631
004656
004659
004677
004690
004695
004711
004747
005048
0901
0902
0903
0904
1
10
100
10039
10040
10041
10042
10048
10049
10050
10051
10052
10053
10054
10057
10058
10066
10089
10090
10091
10092
10095
101
10124
10126
10127
10128
10130
10131
10132
10134
10152
10154
10169
10170
10172
10178
10187
10197
10199
102
10201
10202
10238
10247
10288
103
10303
10304
10305
10312
10314
10350
10351
10352
10353
10354
10355
10361
104
10498
105
10509
10520
10531
10532
10661
10677
10715
10756
108
10825
10830
10884
109
10907
10908
10928
11
110
11002
11010
11013
11014
11015
11016
11025
11026
11030
11032
11033
11034
11035
11036
11062
11089
11090
11091
11092
11096
11097
111
11100
11103
11125
11127
11140
11142
11143
11145
11146
11147
11153
11156
11177
11178
11186
11187
112
11202
11203
11208
11209
11211
11212
11213
11214
11215
11233
11235
11236
11237
11244
11245
11248
11250
11252
11253
11255
11256
11262
11263
11267
11272
11289
11290
11291
11293
11295
11297
11299
11301
11303
11399
114
11437
11438
11455
11458
11459
11476
11477
11478
11568
11598
116
11605
11609
11610
11618
11640
11650
117
11767
118
11809
11833
11938
11946
11947
11949
11950
11953
11954
11955
11957
12
120
121
122
123
124
125
126
12622
127
12782
12787
12799
128
12818
12825
12884
12885
12888
12889
12891
12897
129
12939
13
13195
132
13251
13252
13269
133
13349
13358
13359
13392
134
13459
13543
13547
13548
13549
13564
13571
13608
13665
13670
13731
13754
13756
13760
13786
13787
13788
13789
13790
13792
13793
138
13808
13952
13965
13971
14
140
14045
141
14137
14149
14181
142
14285
14295
143
14301
144
14413
14417
14418
14419
145
14520
14533
146
14639
14653
14657
14661
14682
14696
14704
14707
14716
14718
14719
14720
14734
14769
148
149
15
150
15038
15064
15068
15070
15071
15086
15092
151
15100
15107
15108
152
15207
15208
15209
15210
15254
15265
15279
15284
153
15301
15302
15303
15327
15332
15341
15361
15379
15391
15392
15395
15396
15397
154
15400
15403
15406
15407
15411
15413
15427
15428
15429
15439
15443
15444
15455
15457
15458
15459
15460
15461
15462
15466
15469
15470
15496
155
15501
15522
15523
15524
15525
15526
15527
15529
15530
15533
15534
15535
15540
15547
15551
15555
15556
15561
15570
15571
15573
15587
15588
15601
15602
15606
15623
15624
15625
15646
15672
15673
15675
15677
15680
157
15706
15712
15745
15790
158
159
15926
16
16000
16001
160605
16091
161
16175
16178
16237
163
163155
163156
163555
164
16424
164365
164565
164575
16477
16497
165
16529
165485
16577
16599
166
16615
16616
16646
167
16709
16770
168135
168185
16820
168225
168235
168265
168275
168295
168315
168335
168365
169
169595
169675
16968
169685
16981
17
170
17010
170872
170876
170884
170909
171
17114
17134
17141
172
173
17351
174
17454
17457
17485
17486
175
17514
176
17630
177
178
179
17964
18
180
18041
181
18171
182
18200
18228
183
18352
18384
184
18450
18455
18459
185
18575
18591
186
18601
18602
18603
18605
18626
18646
18649
18651
18653
18654
18671
18673
18674
18675
18677
187
18738
18746
18759
18787
18788
18789
18791
188
18826
18836
18838
18841
18853
18854
18859
18860
18862
18863
18870
18892
18895
18896
18897
189
18909
18910
18912
18913
18920
18922
18927
18938
18939
18940
18942
18943
18944
18945
18946
18947
18948
18969
18970
18972
18973
18974
18975
18976
18977
18978
18979
18980
18986
18990
19
190085
190145
190265
190267
190315
190435
190595
19065
19066
19068
19070
190705
190735
190736
190775
19079
19086
19118
19119
19121
19141
19159
191764
191765
191766
191767
191888
191895
191905
191915
191925
191936
191945
19201
19203
19204
19212
19215
19220
192425
192885
192895
192915
193
193075
193445
194
194065
194145
194215
194325
19466
19467
19474
19475
19476
19478
19482
195
195075
195405
195475
195505
195515
195835
196
196225
196925
196935
196945
196955
197
19727
19729
197295
197875
197905
197915
198
199
199025
19917
2
20
200
20033
20193
202
20294
20296
20299
203
20300
20308
20309
20310
20312
20313
2038
20380
2039
2040
20401
2041
2042
2043
20430
2044
2045
2046
20460
20461
20474
2048
20482
2049
205
20546
20551
20595
20597
206
20612
20684
20693
20694
20695
208
20835
20841
20842
20844
20877
209
20952
20953
21
210
21019
211
21100
212
21229
21268
21269
21271
2131
21445
2145
21459
2146
21490
216
21699
217
21709
21731
21755
21761
21766
21767
21778
21825
21826
21828
21830
21833
21835
21837
21839
21849
21972
21980
21987
22
22020
2205
2206
2208
2209
22119
22127
22168
22169
22172
22253
22296
22378
22385
22387
22388
22391
22392
22402
22407
22408
22409
22410
22411
22461
22463
22472
22483
22484
22578
22579
22587
22667
22749
22750
22885
22886
22888
22889
22890
229
22900
2291
2296
22961
22969
2297
22972
22973
22977
2298
22994
2300
2301
2302
23065
231
2312
2313
23167
23186
23221
23222
2332
2335
2336
2337
2338
2339
23397
234
2340
23405
2341
2342
23421
23422
2343
2344
23443
23444
23448
2345
2346
2347
2348
2349
2350
2351
2352
2356
2357
2358
2359
236
2360
2361
2362
2372
2373
2374
2375
2376
23769
2377
23798
23799
238
23800
23816
23860
23893
239
23930
23948
23949
23950
23969
2397
23986
2399
23996
240
2400
24008
2401
24010
24014
24054
24055
24073
24074
24076
24077
24078
2408
24085
24088
2409
24093
241
24116
24118
24119
2412
24120
24122
2413
24130
24131
24132
2415
24151
2417
2418
2419
241901
241921
24196
242
2420
24201
242021
2421
2422
2423
2424
24246
24248
2425
2426
2427
2428
2429
24299
243
2430
24307
24308
24309
2431
243101
24314
24316
24319
2432
24324
24326
2433
2434
2435
2436
2437
24375
2439
244
2440
2441
2443
2444
24445
2445
2446
2447
2448
24482
2449
24496
245
2450
245021
24504
24505
2452
2453
2454
2455
2456
2458
24581
24593
24599
246
2460
24607
2462
2463
2464
2465
2466
2467
2468
247
2470
2473
2474
2475
2476
2479
248
2483
2484
24849
2485
24853
24855
2486
24866
24869
2488
2489
249
2490
2493
2494
24943
24946
24947
2495
2496
2497
2498
2499
25
250
2500
2501
25061
2507
2508
251
2512
25126
2513
2515
2516
2518
252
25214
2524
2525
2526
25269
2527
2528
2529
2530
2531
2532
2533
2534
2535
2536
2537
25375
25376
2538
25386
2539
2540
2541
2542
2543
2544
2545
2546
2547
2548
2549
2550
2551
25516
2552
2554
2555
255526
2556
25560
25561
2557
2558
2559
256
2560
2561
2562
2563
2564
2566
25672
2569
257
2570
2571
2572
2573
2574
2575
2577
2578
2579
258
2580
2582
2583
2584
2585
2586
25866
2587
2588
25892
25893
259
2593
25931
2596
25971
25975
2598
2599
26
26007
26021
26047
2605
26051
26056
2606
2607
26074
2609
2610
26139
2614
2617
2618
2619
262
2620
2621
2622
2623
2625
2626
2627
26280
26287
26288
263
2634
2635
2636
2637
2638
2639
264
2641
2642
26436
26438
26439
26440
26445
2649
265
2650
2651
2653
26530
26531
2654
2655
26559
26560
26561
26597
26599
266
26601
26603
26604
2662
26674
267
2670
2671
2672
2677
2678
268
2680
2681
2682
2683
2684
2685
2686
2687
2688
269
26910
26912
26913
2694
2695
2696
2697
2698
2699
27
270
2700
2701
2702
2703
2704
2705
27059
2706
27062
2707
2708
2709
271
2710
2711
2712
2713
2714
27145
27149
27150
27152
2716
27165
27167
27168
2717
2719
27191
27193
27194
27195
27198
272
27205
2723
27255
27256
27257
27259
2726
27261
27263
27266
2727
273
2730
27328
2736
2737
2738
2739
274
2740
2741
2742
2743
2744
27448
2745
2748
275
27507
2757
276
2761
277
2771
2772
2773
2774
2775
278
2780
2790
2791
2792
27925
27928
2793
27938
27940
2795
2796
27965
2797
27976
2798
2799
28
280
2804
2805
2806
2807
281
28125
2814
2815
2817
2819
28192
28216
2823
2825
2826
2832
28324
28326
28327
2833
2837
2838
28387
2839
2840
2841
2842
2843
2844
2845
2846
28466
2847
2849
285
2850
2851
2852
2853
28533
28535
2854
2855
2856
2857
28588
28598
286
28614
28618
2864
2865
28653
2866
28660
2867
2868
28686
2869
28696
287
2870
2871
2872
2873
28738
2874
2875
2876
2877
28779
2878
2879
288
2880
28802
28809
2881
2882
2883
2884
2885
2886
2887
28870
289
2890
2891
2892
28925
2893
2894
28943
28944
2895
28959
28964
28974
28978
28981
29
290
2900
2901
2902
2903
29034
29036
2904
2905
2906
2907
2908
2909
29096
291
2910
29109
2911
29110
29111
29115
29117
29119
2912
29120
29124
29125
2913
2916
2917
2918
2919
292
2920
2921
292126
29219
2922
2923
2924
2926
2927
2928
293
294
2941
2942
2943
2944
2947
295
2950
2951
2952
2958
2959
29592
296
29633
29634
29635
29636
29685
297
2972
2973
2974
2975
2976
2977
2978
2979
298
2980
2981
2982
2983
2984
2985
2986
2989
299
2991
2994
2995
2996
2997
2998
2999
3
30
300
30000
30002
30007
30008
30009
3001
30010
30014
30016
30018
3002
30022
30027
30028
30029
3003
30030
300301
30031
3003126
300321
30033
30034
30035
30036
30037
30039
3003941
3004
300401
30041
30042
300421
30043
30044
30045
30046
30047
30048
3005
300521
30055
30056
30057
3005741
3005744
30058
30059
3006
30060
30061
30062
30063
30065
30068
30069
3007
30070
30071
30072
30073
30074
30076
30077
30078
30079
3008
30080
30081
30082
30083
30084
30086
30087
30088
30089
3009
30090
30091
30092
30093
30094
30095
30097
30099
301
3010
30100
30101
30102
301021
30103
30104
30105
30106
30109
3011
30110
30112
30113
30114
30115
30116
30117
30118
30119
30120
30121
30124
30125
30126
30127
30129
30130
30132
30133
30134
30135
30136
30137
30138
30139
30140
30141
30144
30145
30147
30148
30149
30150
30151
30152
30153
30154
30155
30156
30157
30158
30159
30161
30162
30163
30164
30165
30167
30168
30169
3017
30170
30171
30172
30173
30174
30175
30176
30177
30178
30179
3018
30180
30181
30182
30183
30184
30185
30186
30187
30188
30189
30190
30191
30192
30193
30194
30195
30198
302
3020
30200
30201
302021
302026
30208
30209
3021
302101
30211
30212
30213
30216
30218
30219
3022
30222
302226
30223
30224
30225
30226
30228
30229
3023
30230
30231
302323
30234
30235
30236
30237
30238
30239
3024
30240
30242
302421
30244
30245
30246
30248
30249
30250
30251
30255
30256
30258
30259
3026
30260
30261
30262
30263
30264
3027
30271
30272
30273
30274
30275
30276
30277
30278
3028
30283
30284
30285
30286
30287
30288
3029
30292
30293
30294
30295
30296
30299
303
3030
30300
30303
30304
3031
3032
30320
30321
30322
303223
303226
30323
30324
30325
3033
30332
30337
30338
30339
3034
30340
30342
30343
30344
30345
30346
30348
3035
30350
30355
30356
30357
30358
30359
3036
30360
30361
30362
30363
30364
30365
30366
30367
30368
30369
3037
30370
30371
30372
30373
30374
30375
30376
30377
30378
3038
30380
30381
30382
30383
30384
30385
30386
30387
30388
30389
3039
30390
30391
303923
303926
30394
30395
30396
30397
30398
30399
304
3040
30400
30401
30402
30407
30408
30409
3041
30413
30414
3042
3043
3044
3045
30456
30459
3046
30460
30461
30462
30463
30464
30472
30473
30475
30477
30478
3048
30480
304826
30483
30485
30489
3049
30492
30497
30499
305
30503
30504
30505
30516
30517
30518
30520
30526
30527
30528
30529
30530
30535
30536
30540
30541
30552
30553
30554
30562
30565
3058
30584
30585
30586
30587
30588
30589
30592
306
30601
30602
30603
30608
30613
30614
30619
3062
30621
30622
30624
30626
3063
30632
30633
30637
30639
30640
30642
30644
30645
30646
30647
30648
3065
30657
30658
3066
30663
3067
3068
3069
306901
30699
307
3070
307024
30741
308
3081
3082
30837
30841
3087
309
30925
30987
31
31000
31001
31002
31007
31012
31021
31043
31061
31074
3109
3110
3111
31110
31111
3112
31148
31149
31213
31215
3127
313
3134
3135
3136
3137
3139
314
3144
3145
31459
31460
31465
3148
3149
31511
31520
31561
31570
316
31622
31623
31624
31625
317
3176
317626
318
3183
3184
3185
3186
3187
3188
3189
3190
3191
3192
3193
3194
3195
31990
32
32000
32001
32002
32003
32004
32005
32006
32007
32008
32009
32012
32013
32014
32015
32016
32017
32018
32019
32020
32021
32022
32023
32024
32025
32026
32027
32028
32029
32030
32031
32032
32034
32039
32040
32051
32052
32053
32054
32056
32057
32059
32060
32061
32062
32063
32064
32065
32067
32068
32069
32072
32073
32074
32075
32077
32078
32079
32080
32083
32084
32085
32086
32087
32089
32090
321
32104
32109
32116
32123
32124
32125
32126
32132
32133
32134
32136
32137
32138
32140
32146
32165
32166
32167
32170
32171
32172
32173
32174
32175
32177
3218
32180
32181
32182
32183
32184
32185
32186
32187
32188
32189
32190
32191
32192
32193
32195
32196
32197
32198
32199
322
32200
32201
32202
32203
32204
32205
32206
32207
32208
32209
32210
32211
32212
32213
32214
32216
32218
32219
32220
32221
32227
32228
32229
32230
32235
32239
32242
32246
32247
32248
32249
32250
32251
32269
32270
32271
32273
32274
32276
32277
32278
3228
32282
32283
3229
32290
32291
32293
32294
32296
32298
323
3230
32307
32308
3231
32310
32311
32316
32324
32333
32339
32340
32341
32342
32344
32345
32346
32348
32373
324
3240
3241
32439
32449
3245
32474
32475
32482
32494
32495
32496
32498
32506
32523
32524
32525
32526
32527
32528
32529
32530
32531
32532
32533
32534
32535
32551
32552
32555
32556
32557
32558
32576
32577
32578
32580
32602
32606
32607
32627
32714
32739
3278
328
32802
32803
32828
32905
32932
32952
3297
3298
329826
3299
33
3300
33008
33009
33025
33029
33031
33048
33051
33054
33057
33061
33062
3307
33078
3308
33080
33085
33086
33089
33120
33121
33122
33125
3314
3315
3317
33172
33176
33177
33183
332
33207
33211
33212
33213
33215
33216
33227
33230
3324
33243
3326
33279
33286
33287
33291
33299
33303
33320
33322
3334
33341
334
3349
33492
335
3350
3351
3358
3359
336
337
33763
338
33847
339
33909
34
340
3403
3404
34103
34172
34173
342
3429
343
3430
3433
34335
34337
3436
3437
3443
34432
3455
3456
3460
3461
3462
3463
3464
3465
3470
3471
34732
34738
3474
34742
34743
34744
34745
3475
34752
3479
3480
3481
34816
3482
3483
3488
3491
3492
3493
3496
3497
35
35039
35044
35186
35188
35189
352
35252
353
35327
35331
35338
35343
35365
35366
35382
35386
35394
354
35442
35443
35446
35459
35463
35464
35470
35473
35477
35480
35485
35534
35535
35536
35538
35543
35544
35545
35563
35565
35574
35578
35646
35654
35660
3570
35700
35787
35789
3579
3581
3582
3585
3586
35860
3587
3596
35962
35967
3597
36
36036
36069
3612
3613
3614
3622
3623
362321
3624
3625
3626
362626
3629
3633
3634
3639
3640
3641
3644
3645
3647
3648
3649
3650
3651
3652
3659
3660
3664
3665
3666
367
3673
3675
36752
3676
3678
3679
368
3680
3684
36840
36841
3685
3688
369
3691
37
370
3700
3701
370101
3702
370226
3703
3704
3705
370526
3706
370626
3707
370726
3708
370826
3709
370926
371
3710
371026
3711
3712
3713
372
3729
373
3730
37308
3731
37312
37316
37352
3736
3737
3738
37383
3739
374
3740
3741
3742
3743
37452
37461
37467
3747
374726
3749
37494
375
3750
3751
3752
3754
3755
376
3761
3762
37702
37720
37762
37775
37776
3778
378
3787
3788
3794
379421
379424
3795
379501
379523
38
380
38014
3808
381
3811
3813
3815
3816
3817
3818
3819
3820
3821
3822
3823
3828
3829
3830
3831
38317
3832
38320
383201
3833
3834
3835
3836
3837
3838
3839
384
3840
3841
3842
3843
3844
3846
3847
3848
3849
385
3852
3853
3854
38547
3855
3856
3857
38583
38585
386
3861
3865
3867
387
3873
3876
3878
38799
388
3888
389
3890
3894
3895
3896
3897
3898
3899
39
390
3900
3901
391
39144
39266
39280
3933
3934
3935
3936
39367
39369
3937
39370
3938
3939
3940
3941
3942
3943
3944
3945
3946
3947
3949
395
3950
3951
3956
3957
395701
3958
3959
396
3960
3961
39611
39613
3962
3963
397
39739
39789
3979
39790
39793
39794
3980
39802
3995
3996
3997
3998
3999
4
40
400
4000
40000
40001
4003
4006
401
4019
401926
4022
4023
40232
40233
40234
40235
40239
40240
40241
40242
40243
40244
40249
40251
40253
4032
4033
40339
4034
40340
40344
40345
4035
40359
4036
40375
40376
40377
40378
40379
40380
40381
40386
40391
40392
40394
40395
40396
40397
404
40490
405
40573
40574
40575
40576
40598
40620
4066
40666
407
4070
407026
4071
4072
4073
4075
4079
407924
408
4080
4081
408126
4082
4083
4084
4085
408523
408526
4086
4088
40882
4089
40902
4091
40918
4092
4093
40931
4094
40940
4095
40996
4100338
4100339
4100340
4100341
4100418
4100545
41014
41041
4105242
4105279
4106
4106329
4106330
4106331
4106332
4106548
4106592
4106593
4106752
4106981
4107073
4107488
4107539
4107582
4107623
4107630
4107767
4108
41089
4109600
4109601
4109602
4109603
4109810
4111899
4112957
4113993
4114141
4114324
4114505
4116604
4116679
4116683
4116688
4116689
4116691
4116692
4116859
4116878
4118782
4119056
4119350
4119430
412
4120158
4121
4121584
4121715
4121921
41239
4124174
4124456
41250
4125165
4125254
4128503
4129790
4130
4131
4132
4133
41334
41355
41357
4140643
4140801
4141
4141242
4141498
4142
4142925
4143
4143005
4144485
4145
41475
415
4150
4151
41529
41530
41531
41532
41533
41535
41539
4155708
4156
4158884
4159998
4160101
4160108
4160124
4160130
4160409
4160689
4161
4161103
4162
4162235
4162628
4162916
41630
4164290
41659
4166
41665
41666
41667
41669
41670
41672
41677
41678
41679
4168
41680
41681
41682
4168950
4169
4170
4171
4171849
41732
41740
41747
4174735
41748
41749
4175
41750
41751
41752
41753
4176
41761
41762
41763
41764
41765
41766
41767
41768
41769
41770
4177932
4178
4178523
4179
4179872
4179873
418
4180
4180508
4180536
4181
4181142
41812
4182
41823
4183
4183043
4183048
41837
41838
4185
4185177
41852
41854
4185495
41855
41856
41857
41858
4186
4186017
41861
41862
4187
4187376
4187750
41879
41880
4188055
41881
41883
4188571
41890
41893
41894
41895
41896
41897
4193479
4193528
41944
41948
4195004
4196
4198
4198367
4198678
4199
420
42003
4201
4201018
42013
4201639
42019
4202
42020
42021
42022
42023
4203
4204
4206
42060
42061
4206482
4206504
4207
42073
42074
4207712
4208
4209
42090
42092
42093
421
4210
4210531
4210633
4210698
4210883
42109
4211
4211044
4211063
4211069
4211119
4211152
4211385
4211388
4211395
4211396
42114
4211477
4211483
4211536
4211550
4211573
4211622
4211807
4211814
4211815
4212
4212454
4213
4214
4214921
4215
4216
4216384
4216695
4216816
4217
4218
4218868
4219
422
4220
4221
4221774
4221858
4221886
4222
4222693
4223
4223189
42234
42235
42236
4224792
4225787
4226869
4226995
4228
42284
42288
42289
4229
42291
4231
4234
4234927
4234932
4238
424
4240416
42409
4243824
42443
4244362
42444
42445
42446
42448
42450
4247
4247772
425
4250285
42509
42511
4251162
42529
42531
42534
4254
42545
4255
4256738
4257
4259
42590
426
42603
42604
42608
4261
42610
42611
4261453
4261693
4262
4263
4263624
4265
42657
4266
4267
4268
42688
427
4270181
4270894
42716
4273
4274
4275
4276
4277932
4277933
428
4282
4284
4285
42853
4286
42862
428621
42865
4287
4287707
4287708
4288
4288960
4289
4289538
429
42908
42918
42936
42938
42941
42942
4294998
4296152
4297014
4298609
43
430
43085
43086
43093
431
43121
43122
43123
43127
4315
4318
4319
432
4320
4323
4324
4325
4327
4328
433
4330
4331
4332
43337
4334
4335
4336
43363
4337
43373
43374
4341
4342
4343
4344
43446
43447
4345
43457
4346
43461
43462
43463
43464
4347
4349
43560
43561
43562
4360
4362
4363
43675
43702
43708
43710
43711
43712
43713
43719
43720
43721
43722
43723
43744
43745
4375
43751
43755
43802
43822
43857
43887
43888
43891
43892
43894
43898
43899
43900
43903
43979
44
44033
44041
44042
44079
44126
44135
44136
44137
44224
44225
44237
4424
4429
44292
44293
44294
4430
44300
44301
44302
44308
44309
44336
44341
44342
44343
44350
44351
44352
44353
44358
44359
4437
44374
44375
4438
4439
4440
4442
4444
4445
4447
4448
44486
4449
445
44511
4452
44524
44556
44567
44568
44569
44570
44571
44572
4459
44590
446
4460
4461
4463
44658
4466
44661
44665
4467
44670
44674
44675
44676
4468
4469
447
44709
44728
4474
4475
4476
4477
44771
44772
44775
4478
4479
44790
44799
4480
44809
4481
4482
44822
4483
44848
4485
44852
4486
44861
4488
44882
4489
449
4490
4491
4492
4493
44937
44938
4494
4495
449521
4496
4497
4497614
4497943
4497946
4498
4499
45
450
4501575
4502
4503
4504
4504369
4504371
4505
4505156
4506
4506480
4506697
4506847
4507
4508
4509
451
4510
45106
4511
4512
4515
4517
45176
4517925
4518
4519
4520782
4521166
4521703
4521852
4522
4523
4524
4524903
4526562
45274
4528
4529
453
4530
45301
4531
4532
4533
4533401
45337
4534
4535
4536
45360
45361
4537
4538
4538781
4538782
4539364
45406
45407
45410
45411
45417
4542272
4542422
4542886
4544045
4544143
4544258
4548064
455
45505
4550640
45522
45575
45590
45601
45610
45677
4568123
45695
457
4570481
45705
4570662
45707
45708
45729
45755
458
45803
4582471
4585450
4586246
4586574
4586822
4587
4588
4589
4589552
459
4590
45907
4591
45917
45918
4592
4593
4594
4595
4596
4597
4598
45982
4599
459923
4600
4601
4603014
4607
4608
4609
461
4610
46103
4611
4612
4613
4613857
4613905
4613906
4613907
4613908
4614
4614415
4614425
4615
4615865
4616
4616559
4616992
4617
4618
4619
4620855
4620856
46212
46217
46218
46219
46220
4622303
46224
46225
46226
46227
4623
4623959
4624
4624282
4624296
4625
4626
4627
4628
4629
4629677
4629916
46303
46305
4631649
4633881
46361
4638848
464
4640189
46413
46434
46490
46506
4650624
4650853
4650854
46528
46530
46538
4654778
466
4663
46667
4672
4688
46882
46891
469
4691
4692
4694
4695
4697
4698
47
470
4700
4701
4706
4707
471
47116
47117
47122
4713
4714
4715
47154
47155
47156
47157
4716
4719
472
4720
47207
47222
47223
47224
47261
4727
4728
4729
47296
4730
47300
47306
47314
4732
4733
47330
4735
4736
4737
47373
47376
4738
47380
47389
4739
47391
47392
47393
47394
47397
47398
4740
47405
47406
47407
4741
4742
4743
47431
47432
4744
4745
47452
47454
47455
47456
47457
47458
4746
4747
47474
4748
4750
47501
47506
47507
47508
4751
47543
47545
4755
4757
47576
4758
476
4760
4761
4762
47643
4767
47674
47675
47676
4768
4769
4770
4771
47712
47713
47715
4772
47720
4773
4774
47753
47755
47757
47758
47759
4779
4781
4782
4783
4784
47843
47844
47846
47847
47855
47899
4790
47904
47905
4791
4792
4793
4794
4796
47973
47974
47975
47978
47990
47994
47996
47998
48
480
48002
48064
48083
48085
48092
48093
481
48138
48147
48165
48168
48169
48170
48171
48172
48183
482
48201
48202
48203
48205
48208
4823
4824
48245
48287
48288
483
48310
48336
4839
4841
48411
4842
4843
4844
48452
48457
48489
48490
48493
48494
48495
48496
4854
4855
4856
4857
4858
4859
4860
4861
4862
4863
4864
4865
4866
4867
4868
4869
4870
4871
4872
48723
48724
48729
4873
4874
4875
4876
48812
48912
48913
48914
48915
48917
48918
48933
4894
48989
48995
49059
49097
49098
4913
49283
49295
49307
49309
49311
49465
49612
49618
49661
49668
49673
49699
497
49731
49736
49743
498
499
49949
5
50
500
50003
50018
501
50163
502
50231
50254
503
50303
50304
50305
50340
50373
50384
50450
50451
505
506
50687
50745
50746
50747
50858
50859
50860
50861
50862
50898
50899
509
50900
50901
50903
50904
50914
50921
50923
50925
50943
50944
50946
50947
50948
50949
50950
50951
50955
50956
50965
50967
50986
50990
510
51000
51011
511
512
51262
51266
51270
513
51342
51349
51352
51353
51373
51377
51523
51542
51560
51595
517
51704
51708
51719
51723
51739
518
51809
51858
51874
519
51930
51943
51944
52
52031
52035
52036
52037
52038
52040
52041
52107
522
52211
52214
52215
52216
52258
524
52494
52501
526
52629
52639
52668
527
52730
529
52901
5292
530
5306
53119
53168
53178
53184
53293
53400
53401
53450
53451
53452
53454
53457
53475
53527
53528
53533
53543
53550
53551
53585
53586
53588
53787
53788
53790
53791
53792
53793
539
53933
53934
53981
53982
53983
53984
53988
53989
53992
53993
54086
54087
54090
54091
54092
54093
54094
54095
54096
54097
54100
54101
54120
54195
54196
54200
54271
54275
54383
54384
54654
54655
54675
54696
54701
54702
54703
54708
54712
54713
54714
54715
54716
54717
54725
54732
54734
54746
54760
54779
54809
54821
54824
54869
54870
54872
54873
54923
54929
54930
54931
550
55013
551
55167
55172
552
55205
55206
55209
55236
55295
55296
55297
55298
55299
553
55300
55358
554
55423
55525
55527
55528
55529
55539
556
55615
55652
55704
55705
55706
55707
55709
55767
55804
55805
55806
55816
55817
559
55963
55964
55965
55966
55967
55968
55969
55970
55972
55973
55976
55978
55981
55982
56
560
561
56145
562
56204
56220
563
564
56467
56468
56474
56476
565
56554
56555
566
56619
56630
56640
56641
567
56711
568
56890
56891
56897
56898
569
56902
56903
56904
56907
56908
57
570
57028
57046
571
572
57274
574
57467
575
57515
57518
57519
57520
57525
57528
57539
57565
57585
57587
57588
576
577
57718
57719
57779
57781
57783
57786
57792
578
57877
57878
57894
57895
57899
579
57900
57901
57906
57908
57909
57910
57915
580
58086
58088
58090
581
58119
58120
58121
58122
58123
58124
58125
58132
58133
58134
58135
58136
58147
58148
58149
58150
58176
58177
58181
58247
583
58367
58380
58381
584
585
58572
586
58772
58773
588
58827
58846
59
590
59141
59142
59143
59146
59154
59155
59195
592
59228
59229
59230
59231
59233
59275
593
59349
59350
59363
59365
59426
59443
59489
59494
59521
59718
59807
59826
59858
59895
59900
6
60
600
6002
6003
60032
60033
6005
6005724
6005745
6007
6007019
600880
6009194
6009254
6009312
601
60115
60125
6014
6015
6015425
6016
60169
6019
601926
6019987
602
6020
60208
6021
60212
60219
6023
6024
6025
6026
6027
6028
60288
6029
6032
6035
6036369
6037
60373
6037767
6039
604
6040
6041
6042
6042677
6043
6044
604547
604548
604549
604550
604551
604552
604553
6045703
6046
604614
604615
6047
60470
60471
60474
60475
60476
60477
60478
6047838
60479
6048
60481
60483
60484
60485
605
6050
6051
6052
6053
6054
6055
6055874
6056
6057
6057482
6058
60581
60583
6058327
6059
60592
60593
60594
60596
60598
60599
606
6060
60601
60602
60603
60607
60608
6061
60614
60616
6061671
60621
60623
6062886
6063
6064
60640
60641
6065
60657
60658
60659
6066
6067
6069
607
6070
60700
6072
6074343
60747
60748
60749
6075
60750
60752
6079
60791
60797
608
6080
60800
60801
60803
60806
60808
6081
6082
6083
6084
60849
6085
6086
6087
60897
609
6090
6091
6092
6093
60935
6094
6095
6098
6099
61
610
6100
6104
6105
6106
61068
61069
6107
61070
61071
61072
61073
6108
6109079
611
61100
6111
6112
6112596
6115204
6116
6117
6118
61183
61184
61189
6119
61190
61191
61196
61199
612
6120
6121
6122
6123
6124
6125
61252
61254
6126
6126972
6127
6128
61287
6129
613
6130
6131
6132
6133
6134
61345
6135
6140
61403
61406
61409
6141
6143
6143876
6144759
6145
6148
61480
61481
61482
61483
61484
61485
61487
61506
61510
6152
61521
61522
61523
61524
6153
6153754
6154
6155
6156
6157
6158
6159
6160
6161
6162
6164
6165
6166
6167
61678
6168
6169
61738
6177
6177949
6178
61780
6179
61794
61795
6180
61800
61801
6181
61810
6182
6183
6184
61856
6187
6188
618843
61898
6190
61903
61904
61905
6191
6192
61927
61929
6195
6196
6197
61975
61976
6198
6199
62
6200
6202
6205
6208
62113
6212
6213
6214
6215
6216
6217
6218
6219
6221
6222
6223
6225
6227
62271
62272
62273
62274
62275
6228
6231
6232
6233
6234
6235
6236
62360
62361
6237
6238
6239
6246
62462
62469
6247
62470
62473
6248
6249
62497
62498
62500
62501
62503
6251
62519
6252
62520
6253
62531
62537
6254
6255
6255869
6256
62576
6258203
6259
6260
6261
62622
62623
6264
6265
6266
6267
6268
6269
62691
62694
62696
62698
6270
62700
62701
62711
62712
6272
62743
6277168
6279911
62808
62809
62810
62812
62821
62836
62837
62838
62840
62875
6288456
62885
6292
62930
62931
6296256
6299663
630
63082
6309
631
63144
6318649
632
63278
63286
63290
633
63322
63324
63325
63326
63327
63330
63333
63341
63351
634
63417
635
63521
63522
63523
63539
63586
636
6361
637
63710
6377
6378
63864
63868
63869
63871
6391
6394
63965
63971
64
64022
64033
64034
6405
64051
64053
64056
64059
6406
64060
6409
641
6413
64178
64179
642
64225
64227
64228
64248
64275
64276
64288
64289
64290
643
6431
64311
64390
64391
64392
64393
64394
644
64414
64415
64417
6442
64420
64422
64424
64448
64449
64450
64451
64452
64453
64454
64462
645
64566
64570
64572
64573
646
64634
64644
64645
64647
64648
64651
64680
64681
64682
64683
647
64711
64712
64713
64727
64728
6474
6475
64767
64776
64778
64779
64780
64781
64782
6479
64798
64799
648
64805
64835
64847
64871
64892
64893
64897
64898
649
6490
64951
64991
65
650
65068
65092
6510
65141
65142
65143
65144
6515
65151
6516
6517
6518
652
65200
6521
6522
6523
6524
6525
6526
6527
6529
653
6530
6536
6538
6539
654
6540
6541
65413
65414
65416
65417
65418
6542
65426
65429
6543
6546
65474
6549
65509
6551
6552
6553
6554
6556
65578
6558
65617
6562
65632
65633
65634
6564
6565
6567
6571
6572
6573
65734
65735
6574
6575
6576
6577
6578
6579
6580
6581
6582
6583
6584
6585
6587
6588
6589
6590
6592
6594
6595
6596
6625
6626
6628
6629
6630
6631
6632
6636
663626
6637
6638
6639
6640
6641
6642
6643
6644
66606
66645
66727
66789
66790
66792
66821
66857
66859
66909
66961
66967
67
670
67095
671
67100
67131
67140
67329
67440
675
676
67704
678
67810
679
6797
68
680
68013
681
682
68297
683
68325
68327
68382
685
6850
68504
6851
68568
688
6881
68869
69
69066
691
692
6923
6934
6936
6940
6941
6942
6965
6969
69729
699
7
70
700
70022
70023
70026
70038
70081
70162
70163
70184
702
7026
70278
7028
70358
7039
70450
7049
70496
70501
70591
70644
7065
7067
70688
70720
70770
70793
708
70823
70834
70839
70864
709
70926
70942
70961
70962
70973
70978
710
71014
71015
71075
71076
711
71122
71128
71137
71175
71177
71182
71183
71184
71185
71192
71194
712
713
71342
71368
71372
71375
71379
71396
71405
71427
71472
715
71505
71533
71551
71582
71591
716
71735
71819
71830
71861
71874
71917
71923
71944
71945
71946
71947
71949
71951
71952
71953
71958
71965
71972
71986
72
720
72039
72040
72092
721
72156
722
723
72454
72475
72504
72602
72631
72632
72634
727
72706
728
72824
7284
72853
729
73037
73071
73081
73090
73092
731
73112
73129
73194
732
73200
733
73312
73313
73351
73392
73418
73435
73436
73479
73485
735
73587
73590
73593
73594
736
73603
73664
73666
73696
73697
737
73839
73841
73861
739
740
74011
74013
74040
741
74140
742
74261
743
74323
74330
744
745
74572
74573
74587
746
74650
74656
74695
74698
747
74741
74780
74781
749
74948
74967
74981
74982
75
750
751
75174
75192
752
753
75347
75348
75349
75350
754
755
75535
756
757
758
75815
759
75902
75904
75924
75937
75972
75973
75974
75977
75979
76
760
76019
761
76110
76116
76138
762
76244
76250
76252
76254
76260
76263
76270
76276
76277
76279
76280
76281
76282
76283
76289
763
76307
76319
76320
76324
76348
76384
76385
76389
764
76421
76424
76442
76443
765
76537
76543
766
76607
76608
76609
76610
767
76764
76766
76768
768
769
77
770
772
773
774
775
776
777
778
779
78
780
781
782
783
784
785
786
787
788
789
79
790
791
792
793
7930
794
7940
795
799
8
80
800
80039
80045
801
80120
80123
802
80256
80276
80298
803
80316
80394
80395
804
80400
805
80546
80547
80548
80549
80581
80582
80587
80588
80589
806
80602
80648
80649
80650
80651
80671
80672
808
809
80973
810
81022
81038
81043
81048
81055
811
81149
81155
812
81267
81294
813
81379
814
81426
81427
815
81599
816
81615
817
81714
81715
81772
818
819
820
82059
820674
820675
820785
821
821410
821420
821421
821430
821435
821472
822
823
82359
824
825
82532
826
827
828
82805
829
83396
837
838
839
840
841
842
843
844
845
84599
846
84625
84637
84724
84725
84726
84727
84728
84746
84747
84748
84750
84751
84752
848
849
84954
850
85080
851
852
853
854
85489
85543
85544
85545
85546
85614
85651
85861
85863
85940
85941
85943
85945
85947
85959
85970
85974
85975
85976
85977
85983
85984
860
86024
86025
86035
86037
86038
861
862
86208
86209
86210
864
865
86500
86501
866
86644
86652
867
868
86849
870
87058
87079
87080
87081
87082
87083
87084
87086
87087
871
872
873
874
87407
87408
87414
87421
87513
87515
87520
87544
87552
87559
87561
87570
87576
87577
87578
87580
87585
87601
87606
87609
87611
87612
87613
87614
87615
87616
87617
87618
87619
87620
87621
87685
87686
87687
87688
87689
87690
87691
87692
87693
87694
87695
87696
87697
877
87747
87748
87749
87751
87752
87754
87761
87796
878
87846
879
87913
87926
87944
87948
87949
87950
87989
87990
87991
87993
87994
87995
87997
87998
880
88000
88001
88067
88068
88072
881
88112
88283
88284
88286
88288
88289
88290
88292
88293
883
88323
88324
88325
88326
88327
88393
884
88412
88415
88422
88492
88493
885
88513
88516
88517
886
88646
88695
887
88704
888
88811
88812
889
88930
89
890
891
89159
892
89201
89509
89510
89513
89520
89522
89523
896
89648
89649
89650
89651
89653
89654
89655
89657
89658
89662
89663
89664
89668
897
89762
89801
89917
9
90
90194
90195
902
90201
90202
90258
90370
90386
90388
90391
90395
90397
90398
9044
90460
90462
90463
90498
905
90508
90509
90510
90514
90540
90541
906
90605
90607
90608
90609
90611
90612
90613
90615
90616
90617
90622
90623
90625
90626
90630
90636
90638
90639
90640
90641
90649
90650
90652
90754
90981
91
91049
911
91143
91176
912
913
91347
914
91405
915
91501
91598
918
91884
919
91988
920
92013
92081
92083
92088
92092
92099
921
92107
92198
922
92218
92220
92240
92241
92242
92243
92244
92245
92246
92247
92248
92249
92250
92251
92252
92253
92254
92255
92256
92257
92258
92259
92262
92263
92279
92280
92290
923
9230
92338
92339
92340
924
92402
92409
92410
92411
92438
9244
9245
9246
92474
925
92538
92548
92549
92552
92579
9258
92580
92582
92583
92584
92585
92586
92589
92590
92591
92593
92690
92691
92692
92693
92694
92695
92696
92697
92709
92710
92711
92713
92715
92716
92738
92743
92746
92747
92756
92759
92761
92842
92851
92903
92906
92907
92908
92909
92910
92911
92912
92926
92946
92947
92950
93
93055
93059
93061
93062
93089
93090
93092
93094
93095
93096
931
93140
93160
93168
932
93216
93219
93220
93221
93223
93231
93247
93248
93249
93250
93251
93252
9326
9327
93273
93274
9328
933
93348
93352
9339
9341
9342
935
9352
93541
93549
93550
93551
93552
93553
93555
93559
93563
93564
93568
93575
9358
93587
93589
9359
93590
93591
93593
93594
93595
93597
93598
93604
93606
93609
93612
93613
93668
93674
937
93772
93789
93791
93792
93794
938
94
9401
94148
94161
942
943
94318
944
9460
94638
947
94725
948
949
94925
95
950
95049
95050
95051
95052
95053
95054
951
95108
95109
95188
95195
95198
95199
952
95227
95228
95229
95292
953
95320
95321
95328
95330
95342
95343
95344
95348
95354
954
95490
9551
9552
9553
9556
956
95646
95648
95650
95652
95654
95656
95658
9566
9567
95673
95674
95676
957
958
95820
95827
95828
95829
95831
95832
96
960
96094
961
96143
962
96285
96479
96480
96481
96482
96483
96484
96485
96486
96487
96488
96489
96490
96491
965
967
96714
968
96828
96874
96889
96890
96891
969
96904
96905
96906
96907
96910
97
970
971
97122
972
973
97492
975
976
97622
977
97781
97782
97783
97784
97785
97787
97790
97791
97793
979
98
980
981
98100
98102
98107
98127
98136
98137
98138
98139
98141
982
98218
98223
98233
98252
98262
98263
98280
98281
98282
98283
98284
98285
98286
98287
98288
983
98302
98338
98347
98366
98367
98368
98369
98370
98371
98372
98374
98375
98381
98382
98383
98384
98385
98388
98393
98397
984
98460
985
98549
98565
98568
98570
98577
98578
98585
98590
986
98606
98613
987
98721
98722
98726
98729
988
98834
98835
989
98989
99
990
99008
99009
99010
99012
99013
99021
99061
991
99141
99143
99145
99146
99147
99148
992
99206
99207
99240
99243
99249
99253
993
99301
99376
99377
99378
99380
99385
99386
99388
99390
99391
99392
99393
99396
99397
994
99401
99455
99464
99498
99499
995
99534
99535
99542
99543
99550
99551
99555
99563
99570
996
99617
997
99773
99774
99780
99781
99784
99798
99799
998
99841
99930
99948
99957
99961
f
l
m
s1
s10
s11
s12
s13
s14
s2
s7
s8
s9
t1000
t1001
t1002
t1003
u1023
u1104
u1125
u1126
u1193
u1208
u1454
u151
u1850
u1851
u1852
u1853
u1854
u197
u334
u406
u516
u517
u572
u574
u586
u587
u588
u589
u590
u592
u595
u600
u606
u608
u609
u66
u663
u669
u686
u8001
u8002
u8003
u8004
u8005
u8006
u8007
u8008
u8009
u8010
u8011
u8012
u8013
u8014
u8015
u8016
u8017
u8018
u8019
u8020
u8021
u8022
u8023
u8024
u8025
u8026
u8027
u8028
u8029
u8030
u8031
u8032
u8033
u8034
u8035
u8036
u8037
u8038
u8039
u8100
u8101
u8102
u8103
u8104
u813
u8200
u8201
u8202
u8203
u8204
u8205
u9000
u9001
u9002
u9004
u9005
u9006
u9007
u9008
u9009
u9010
u9011
u9012
u9013
u9014
u9015
u9016
u9017
u9018
u9020
u9021
u9022
u9023
u9024
u9025
u9026
u9028
u9029
u9030
u9031
u9032
u9033
u9034
u9035
u9036
u9037
u9038
u9039
u9040
u9041
u9042
u9043
u9044
u9045
u9046
u9047
u9048
u9049
u9050
u9051
u9052
u9053
u9055
u9056
u9057
u9058
u9059
u9060
u9061
u9062
u9063
u9064
u9065
u9066
u9067
u9068
u9069
u9070
u9072
u9073
u9074
u9075
u9076
u9077
u9081
u9082
u9083
u9084
u9085
u9086
u9087
u9100
u9101
u9102
u9103
u9104
u9105
u9106
u9107
u9108
u9109
u9110
u9111
u9112
u9113
u9114
u9119
u9130
u9131
u9132
u9133
u9134
u9137
u9140
u9141
u9142
u9143
u9144
u9145
u9146
u9147
u9148
u9149
u9150
u9151
u9152
u9153
u9154
u9155
u9156
u9157
u9158
u9159
u9160
u9161
u9162
u9163
u9164
u9165
u9166
u9167
u9168
u9169
u9170
u9180
u9181
u9182
u9183
u9184
u9185
u9186
u9187
u9188
u9189
u9190
u9200
u9201
u9202
u9203
u9204
u9205
u9206
u9207
u9208
u9209
u9210
u9211
u9212
u9213
u9214
u9215
u9216
u9218
u9220
u9221
u9222
u9223
u9224
u9225
u9226
u9227
u9228
u9229
u9230
u9231
u9232
u9233
u9234
u9235
u9236
u9237
u9240
u9241
u9242
u9243
u9244
u9251
u9252
u9253
u9254
u9260
u9261
u9262
u9263
u9264
u9265
u9266
u9267
u9268
u9269
u9280
u9281
u9282
u9283
u9284
u9285
u9286
u9287
u9288
u9289
u9290
u9291
u9292
u9293
u9301
u9302
u9303
u9304
u9305
u9306
u9307
u9308
u9310
u9311
u9312
u9313
u9314
u9315
u9316
u9317
u9318
u9320
u9321
u9323
u9325
u9326
u9327
u9328
u9329
u9330
u9331
u9332
u9333
u9338
u9340
u9341
u9342
u9343
u9344
u9345
u9346
u9347
u9348
u9349
u9351
u9352
u9353
u9354
u9355
u9356
u9363
u9364
u9365
u9366
u9367
u9368
u9370
u9371
u9372
u9373
u9374
u9375
u9376
u9377
u9381
u9382
u9384
u9385
u9386
u9387
u9388
u9389
u9390
u9391
u9392
u9393
u9394
u9395
u9396
u9397
u9398
u9399
u9401
u9402
u9403
u9404
u9405
u9406
u9407
u9408
u9409
u9410
u9411
u9412
u9413
u9414
u9415
u9416
u9417
u9418
u9419
u9420
u9421
u9422
u9423
u9433
u9434
u9460
u9461
u9462
u9463
u9464
u9465
u9466
u9467
u9468
u9469
u9470
u9471
u9472
u9473
u9474
u9476
u9477
u9479
u9483
u9484
u9485
u9486
u9487
u9488
u9489
u9490
u9491
u9494
u9495
u9497
u9498
u9500
u9501
u9502
u9503
u9507
u9512
u9520
u9521
u9522
u9523
u9524
15301c01
15367
2362a
2412b
2436b
2453a
2453b
2536a
2536b
30237b
30241
30241b
30350b
30350c
30359b
3048c
3062b
3068b
3069b
3070b
3245c
3403c01
3678b
3684a
3684c
3709b
3747a
3747b
3794a
3829c01
3839b
3962a
3962b
4079b
4081b
4085c
4085d
42610c02
4265c
44301b
44302a
44375b
44567a
44567b
4460b
4495b
45749
4589b
4592c02
4599b
4623b
4697b
4865b
4868b
48729b
50944pb01c01
50947pb032R
553c
57563
57909b
6014b
6014bc01
6014bc05
60176
60470b
60800a
60896
60899
6126b
61408
61678pb091L
64567
64867
6538c
73590c02a
87745
93571
98313
None
x110c01
x240
x346
x577
